0.1985919341304159 0 0
0.22450066268658123 0 1
0.2451749029515457 0 2
0.2589495540368863 0 3
0.2710040389056399 0 4
0.2910548534191959 0 5
0.3158039102940982 0 6
0.343227596750037 0 7
0.36495695455615496 0 8
0.3728950734477504 0 9
0.3622726012119193 0 10
0.34044691149786116 0 11
0.314871880461044 0 12
0.29660566605028477 0 13
0.2756602406718901 0 14
0.24000914044806282 0 15
0.20055299644585542 0 16
0.14086198731445723 0 17
0.05345956132513961 0 18
-0.05494757225538358 0 19
-0.15291673474352557 0 20
-0.20868431607502055 0 21
-0.23208266823570922 0 22
-0.2433766032820875 0 23
-0.24101094415985758 0 24
-0.24368559222508404 0 25
-0.25843238098153887 0 26
-0.28532530422163627 0 27
-0.3138594767804291 0 28
-0.3295129363048261 0 29
-0.3369593359244327 0 30
-0.33747985990301405 0 31
-0.32915827867195807 0 32
-0.32056595136361415 0 33
-0.3140505613026791 0 34
-0.3044027942468171 0 35
-0.29259355786988844 0 36
-0.279933163098071 0 37
-0.2759289646572312 0 38
-0.2818910519951914 0 39
-0.2843495193882861 0 40
-0.2819148343933321 0 41
-0.2677643397631282 0 42
-0.2307213150404484 0 43
-0.17993857385460751 0 44
-0.13504003389384958 0 45
-0.10448532532636498 0 46
-0.07982735199321012 0 47
-0.057802811771437354 0 48
-0.04357174041966619 0 49
-0.020705343852974793 0 50
0.007577630810058377 0 51
0.029682614509661316 0 52
0.02665654672603689 0 53
0.014783019394562114 0 54
-0.0020874884693886193 0 55
-0.010659984168051325 0 56
-0.01854947446301411 0 57
-0.010388441045705212 0 58
0.012418093046031576 0 59
0.014725309392102214 0 60
0.004954998888475603 0 61
-0.010907769457475331 0 62
-0.02444573167173049 0 63
-0.02451634746330021 0 64
-0.014802623171120868 0 65
0.009300351372643251 0 66
0.04545480529403755 0 67
0.0706821155766251 0 68
0.09399182284032118 0 69
0.12797156323648312 0 70
0.1512415215853908 0 71
0.169434689471386 0 72
0.18875199036853546 0 73
0.21809675378291735 0 74
0.2592329698008441 0 75
0.298960820222991 0 76
0.3298619333976664 0 77
0.34654987320418634 0 78
0.34698506700382614 0 79
0.3337760854492276 0 80
0.313420967826796 0 81
0.2924516590667547 0 82
0.27346186654168453 0 83
0.2579284548282597 0 84
0.24381582761740223 0 85
0.23112448009439557 0 86
0.22151864401141627 0 87
0.21427399364011707 0 88
0.2073704272582186 0 89
0.20010336025419695 0 90
0.19158363826495203 0 91
0.1790539644675708 0 92
0.16387402893290282 0 93
0.14930213885574314 0 94
0.1325278762235695 0 95
0.11190516684275506 0 96
0.08672105889159772 0 97
0.0579304131147613 0 98
0.028659444865556227 0 99
0.0015736790916340596 0 100
-0.02383530971546073 0 101
-0.04819710622104719 0 102
-0.06810273214457216 0 103
-0.08447101093902504 0 104
-0.09773436378183185 0 105
-0.11099580540679461 0 106
-0.12399567437864233 0 107
-0.1355925828570593 0 108
-0.1483234455125842 0 109
-0.1727229520425619 0 110
-0.20307981495227076 0 111
-0.23346556896931925 0 112
-0.2610975589535762 0 113
-0.28228096215815696 0 114
-0.29785602640212255 0 115
0.1853732339375675 1 0
0.21767469563180267 1 1
0.2371400381754263 1 2
0.25147736087136036 1 3
0.2716723582161214 1 4
0.3025197266855076 1 5
0.3319165529232576 1 6
0.3559768355138935 1 7
0.3760789370130077 1 8
0.38419599793685644 1 9
0.3751405136040034 1 10
0.3537729944438244 1 11
0.3293267136894944 1 12
0.31436672374766117 1 13
0.29659226025655755 1 14
0.25933179291266223 1 15
0.2157847194514598 1 16
0.15096826338812847 1 17
0.06035975852085781 1 18
-0.05018152462651956 1 19
-0.14720101157098292 1 20
-0.20032670181267284 1 21
-0.22382253712521014 1 22
-0.23713048023060573 1 23
-0.23883991000561416 1 24
-0.24478435815415467 1 25
-0.262856066684782 1 26
-0.2885105956348452 1 27
-0.31396825253979094 1 28
-0.32845152361004015 1 29
-0.33689899363964826 1 30
-0.3380134209480553 1 31
-0.32968175688594287 1 32
-0.31949449094058335 1 33
-0.3110507810616814 1 34
-0.29966504628854 1 35
-0.2859955650375777 1 36
-0.27851099055070283 1 37
-0.2836474800540602 1 38
-0.29169276273844214 1 39
-0.286203501617682 1 40
-0.276785658405386 1 41
-0.2571401632839121 1 42
-0.2149568751210797 1 43
-0.16322581864763303 1 44
-0.12218557061469018 1 45
-0.09706673653555845 1 46
-0.0705378640537283 1 47
-0.044344849489760786 1 48
-0.026409089146389578 1 49
-0.005123754295338283 1 50
0.01892064094491973 1 51
0.04376382418692017 1 52
0.046862587431078344 1 53
0.038318280308862813 1 54
0.018427952398698613 1 55
0.004317022380485626 1 56
0.003616710172489641 1 57
0.018815839288699884 1 58
0.03865648181671323 1 59
0.03311447332264704 1 60
0.017393887249900188 1 61
-0.008555576787800556 1 62
-0.03487841366693933 1 63
-0.04220416354604337 1 64
-0.033024991101962366 1 65
0.009333794947117002 1 66
0.0677592691059371 1 67
0.0992711690147911 1 68
0.12607400637480148 1 69
0.16310923169036173 1 70
0.19028743971865797 1 71
0.21451151920417877 1 72
0.23816916778541164 1 73
0.2639029198413714 1 74
0.296905628667993 1 75
0.326472632446252 1 76
0.3458614284871599 1 77
0.35092404124888193 1 78
0.34202103118436 1 79
0.32530683179866515 1 80
0.30546175228090533 1 81
0.2853778407825721 1 82
0.26616238296459876 1 83
0.24995811367833382 1 84
0.2362371352489509 1 85
0.2246601323278545 1 86
0.21524565385933386 1 87
0.20675309359117236 1 88
0.19884660032205062 1 89
0.1909983783110231 1 90
0.18118040119615336 1 91
0.16689554149943417 1 92
0.14983110714568068 1 93
0.1345609314761936 1 94
0.11912417377089528 1 95
0.10060540576459288 1 96
0.07552517221240264 1 97
0.04686889097072022 1 98
0.018928208836648103 1 99
-0.004387347056326597 1 100
-0.02578324012381753 1 101
-0.04892593587252672 1 102
-0.07106645449853931 1 103
-0.09075663312608341 1 104
-0.10745088456679053 1 105
-0.12390721987559507 1 106
-0.1395665679852254 1 107
-0.15394253297749616 1 108
-0.16613325104323393 1 109
-0.18658424602983206 1 110
-0.2126027351149633 1 111
-0.23938909952172227 1 112
-0.26384191196465656 1 113
-0.2823494058566842 1 114
-0.2964261331083456 1 115
0.17901958422961883 2 0
0.21368569564818232 2 1
0.23070763962673593 2 2
0.24337252554954508 2 3
0.26782764741149023 2 4
0.3030896268130749 2 5
0.33482280649285673 2 6
0.35786415614661454 2 7
0.37928894989974987 2 8
0.3884600844464085 2 9
0.3803351932596722 2 10
0.36032519371368965 2 11
0.3389461985499278 2 12
0.3257242655566122 2 13
0.30901214501664503 2 14
0.2691544996151239 2 15
0.21878016021952823 2 16
0.14887317896656996 2 17
0.05505902369055767 2 18
-0.055143210768075476 2 19
-0.14602209191232654 2 20
-0.1929897019733661 2 21
-0.2158456165540407 2 22
-0.229167977479279 2 23
-0.2347161242927435 2 24
-0.24470059089191623 2 25
-0.26630256431283816 2 26
-0.2917302568365264 2 27
-0.3129050027149939 2 28
-0.324708273512 2 29
-0.33048134580283656 2 30
-0.3282575051753392 2 31
-0.32069473280950817 2 32
-0.31226023629506144 2 33
-0.303650563824639 2 34
-0.29184741929001273 2 35
-0.2782469000354256 2 36
-0.2744896712430294 2 37
-0.283798129677346 2 38
-0.2902631757891371 2 39
-0.2792546954356513 2 40
-0.26462441278952564 2 41
-0.23929732015211597 2 42
-0.19487801614516811 2 43
-0.1472859334908453 2 44
-0.11257002114149518 2 45
-0.09101576231804465 2 46
-0.06549053171435182 2 47
-0.0414173204999505 2 48
-0.024313712598721955 2 49
-0.00677775033113149 2 50
0.01733792007690221 2 51
0.04815379603969876 2 52
0.062474975959920354 2 53
0.06462567425566884 2 54
0.0422199426804158 2 55
0.023886870528664488 2 56
0.025927007604784953 2 57
0.04319012310978064 2 58
0.05508328533661323 2 59
0.04009420310456759 2 60
0.019358697527776372 2 61
-0.01357923005192001 2 62
-0.039166241028838845 2 63
-0.036087518421543466 2 64
-0.011529307617777025 2 65
0.04409762667882967 2 66
0.1084382826581611 2 67
0.14226729910323438 2 68
0.17164352205338837 2 69
0.2057826109214451 2 70
0.22876045534411082 2 71
0.2517326477841705 2 72
0.2759464515967824 2 73
0.3010266809386443 2 74
0.327066164484868 2 75
0.3451424368567027 2 76
0.3533294592846743 2 77
0.3503058443656936 2 78
0.33687372940557747 2 79
0.318231394507213 2 80
0.29827295971485446 2 81
0.2788226261934228 2 82
0.25979085783408007 2 83
0.24334826861011746 2 84
0.23014499238796393 2 85
0.21874751959318547 2 86
0.20848407496092847 2 87
0.1986563182769923 2 88
0.1890439926626985 2 89
0.17928428300261254 2 90
0.1676733242892558 2 91
0.15111352292761404 2 92
0.13205959005658768 2 93
0.11538829171674701 2 94
0.09970900501261509 2 95
0.08233731867100269 2 96
0.058466397129093024 2 97
0.03142819017452201 2 98
0.006634618754329037 2 99
-0.01079777044742867 2 100
-0.027446492649434082 2 101
-0.050138012149135325 2 102
-0.07551792455552198 2 103
-0.09859010981833956 2 104
-0.11866525215992542 2 105
-0.1386292690135547 2 106
-0.15717750201542724 2 107
-0.17124801129292644 2 108
-0.17832470189031233 2 109
-0.19231560154279545 2 110
-0.21210592851185783 2 111
-0.2323128721685094 2 112
-0.2520837699767888 2 113
-0.26808108484049004 2 114
-0.2806214145365996 2 115
0.1761135772575327 3 0
0.21002577332261424 3 1
0.22616621307862717 3 2
0.23735394360463144 3 3
0.26202870318888744 3 4
0.29802406781637697 3 5
0.3316363655224994 3 6
0.3573177140642084 3 7
0.3821512287762392 3 8
0.3908554659171635 3 9
0.38057399338707587 3 10
0.36323551165528106 3 11
0.3456657027069567 3 12
0.3313780129512457 3 13
0.31260543361617793 3 14
0.26727654597757106 3 15
0.20923783422910938 3 16
0.13698043040395388 3 17
0.04112705831283801 3 18
-0.06477187469437268 3 19
-0.14492754662915866 3 20
-0.18462849094358674 3 21
-0.20493541751726096 3 22
-0.21634404228905008 3 23
-0.22762692174903698 3 24
-0.24383522527676177 3 25
-0.2683264877171887 3 26
-0.2935953473972537 3 27
-0.3116505103063956 3 28
-0.32137233877483196 3 29
-0.32363894085334566 3 30
-0.31738920529306597 3 31
-0.3105353697806161 3 32
-0.30299472390566984 3 33
-0.29349997309215975 3 34
-0.28352272175902615 3 35
-0.27241089401046464 3 36
-0.26864449728536854 3 37
-0.27647363028915667 3 38
-0.2806113432393568 3 39
-0.26753471905734366 3 40
-0.2473385949706505 3 41
-0.21749028298005585 3 42
-0.17558224240766554 3 43
-0.1323435300734074 3 44
-0.1012843554250873 3 45
-0.08059248363648472 3 46
-0.05780456301740056 3 47
-0.04190545949744612 3 48
-0.028752857740314178 3 49
-0.012328056708842799 3 50
0.01677041334417757 3 51
0.05519160157684815 3 52
0.085576063916787 3 53
0.09846273225422196 3 54
0.07056559463680515 3 55
0.0509070047196029 3 56
0.05466212555396766 3 57
0.07038443459077023 3 58
0.07298586103641634 3 59
0.04980733701151335 3 60
0.029309348547335044 3 61
0.011630418361573898 3 62
0.0008867920346633839 3 63
0.021554869530040034 3 64
0.05802999568323063 3 65
0.10961177201169274 3 66
0.1639513350212578 3 67
0.19328307126357125 3 68
0.22044634223236606 3 69
0.2465444744803404 3 70
0.26273261245007545 3 71
0.28203518460070864 3 72
0.3045708145740417 3 73
0.32941059039189347 3 74
0.3491854451170819 3 75
0.3569364383995374 3 76
0.3558832483467617 3 77
0.34692498896212376 3 78
0.3310909611668637 3 79
0.30969913230305657 3 80
0.28735262080951446 3 81
0.26696476782262457 3 82
0.24842302319988516 3 83
0.2326676572607633 3 84
0.22023684106166444 3 85
0.20915587859095164 3 86
0.19808754088166153 3 87
0.18641437740046282 3 88
0.1736573562848454 3 89
0.1619279752074904 3 90
0.14860689000153499 3 91
0.1286190262076933 3 92
0.10668597964182641 3 93
0.0880781729483916 3 94
0.07084132394463409 3 95
0.05297982772457466 3 96
0.03239873657283844 3 97
0.010931357530416182 3 98
-0.007150628618614713 3 99
-0.019062598978893987 3 100
-0.033269060508236116 3 101
-0.05558460155198567 3 102
-0.08195708630154558 3 103
-0.10799775969716238 3 104
-0.13259186396752995 3 105
-0.15568878207112802 3 106
-0.1740814490923675 3 107
-0.18271593269487804 3 108
-0.18064359630154278 3 109
-0.18795278641782 3 110
-0.20127346356928286 3 111
-0.21253563898892572 3 112
-0.22611888940704392 3 113
-0.23975523959352216 3 114
-0.25084939734098155 3 115
0.17308957094226243 4 0
0.20411308789701718 4 1
0.21912464305539556 4 2
0.22944952936808413 4 3
0.2540090803265196 4 4
0.29205035747663916 4 5
0.3273177270887239 4 6
0.35357323915813216 4 7
0.3803424425965111 4 8
0.3898252627482825 4 9
0.38007532494273105 4 10
0.3659651337264675 4 11
0.34731871213804894 4 12
0.32804146239232435 4 13
0.30447190241663297 4 14
0.25100950669544436 4 15
0.18711141143258694 4 16
0.11615941761068069 4 17
0.024490629009362486 4 18
-0.07233046438652074 4 19
-0.14135724159654497 4 20
-0.17250763785459095 4 21
-0.18828757732577303 4 22
-0.19911506104586912 4 23
-0.2170987878940959 4 24
-0.23913398801187538 4 25
-0.26570408765442394 4 26
-0.29116498425946097 4 27
-0.30737758084939765 4 28
-0.31463203093417 4 29
-0.31430037737004646 4 30
-0.3068486400013043 4 31
-0.30130686445010985 4 32
-0.29433468406854535 4 33
-0.2851049100971991 4 34
-0.2769079801195744 4 35
-0.2664581639603387 4 36
-0.2608860296296217 4 37
-0.2664086457350378 4 38
-0.26664601318599407 4 39
-0.24876817574058005 4 40
-0.22293553569115485 4 41
-0.19254627777094918 4 42
-0.15387780508226045 4 43
-0.11348252543456316 4 44
-0.08601221059785998 4 45
-0.06705628186481967 4 46
-0.04526676512929648 4 47
-0.03383717365052126 4 48
-0.02538684000596985 4 49
-0.008700180816701377 4 50
0.020145268957063426 4 51
0.0630408180182182 4 52
0.10541279162083651 4 53
0.12187376186920447 4 54
0.09333302416025951 4 55
0.08011455346567167 4 56
0.08169370820181754 4 57
0.08593658452807552 4 58
0.08646380446349228 4 59
0.06740125018315135 4 60
0.0583059572896198 4 61
0.06186385938278585 4 62
0.06843481347049539 4 63
0.09971422494881844 4 64
0.1368939819747394 4 65
0.17847699003890563 4 66
0.21911497560925183 4 67
0.24251421699204412 4 68
0.2638881065882737 4 69
0.28237788448348455 4 70
0.2944758725603879 4 71
0.30980976782401737 4 72
0.3298042056557671 4 73
0.35080686982721565 4 74
0.3631744722391822 4 75
0.3630463862596832 4 76
0.3559284129614219 4 77
0.3412467834403923 4 78
0.32117280085246325 4 79
0.29640218183254 4 80
0.27237797090735366 4 81
0.25166349730119547 4 82
0.23343982173555344 4 83
0.21887743002554802 4 84
0.20786247803176017 4 85
0.19634016429352036 4 86
0.183100403700855 4 87
0.16834017020237652 4 88
0.15285525814264292 4 89
0.1390354574457195 4 90
0.12189743983749994 4 91
0.09677297342767345 4 92
0.07116436663610214 4 93
0.05066343025356858 4 94
0.03223043082453145 4 95
0.01605535350632372 4 96
0.0022739480148403586 4 97
-0.010553425642380636 4 98
-0.02025958294100158 4 99
-0.027441064202882663 4 100
-0.03937256806475652 4 101
-0.060195319952314495 4 102
-0.08688589949438115 4 103
-0.11577960855006207 4 104
-0.14339793172555093 4 105
-0.16546242617936405 4 106
-0.17996341913607009 4 107
-0.18248341682720653 4 108
-0.17056510800955438 4 109
-0.1682297252802718 4 110
-0.17526962668291474 4 111
-0.18105068910645075 4 112
-0.19068485790930492 4 113
-0.20318114561451212 4 114
-0.21542190186307278 4 115
0.16854163868128175 5 0
0.1972305767471778 5 1
0.2105797797381344 5 2
0.22151055286566604 5 3
0.2479191278993438 5 4
0.2878880156450699 5 5
0.32203471742033074 5 6
0.3437057567222023 5 7
0.36973355950944264 5 8
0.3831641988634425 5 9
0.37863889110667587 5 10
0.36694631080994294 5 11
0.3452977194132408 5 12
0.31860120417568166 5 13
0.2864793869767195 5 14
0.22673221524219817 5 15
0.1605316202674661 5 16
0.09474722192036177 5 17
0.012148623481760707 5 18
-0.0748331980568487 5 19
-0.13224111741159056 5 20
-0.1539055276198747 5 21
-0.16633667838541705 5 22
-0.18022598160961228 5 23
-0.20538690490792702 5 24
-0.2317006919552246 5 25
-0.2590372188979921 5 26
-0.2831944892436412 5 27
-0.29712532841961364 5 28
-0.3033913671389375 5 29
-0.3020948633926716 5 30
-0.2947844590360957 5 31
-0.29257875341971673 5 32
-0.2889879565737618 5 33
-0.28189405002926626 5 34
-0.2748576938931129 5 35
-0.26388308889521384 5 36
-0.2563681734722577 5 37
-0.259207332051643 5 38
-0.25064201138430686 5 39
-0.22379030041165265 5 40
-0.19534208488000254 5 41
-0.1668878567844846 5 42
-0.13049124918072563 5 43
-0.09307820428804998 5 44
-0.0707215039765647 5 45
-0.05233228141289758 5 46
-0.027167670302667934 5 47
-0.013642303112829456 5 48
-0.008482735975988523 5 49
0.007904556707208724 5 50
0.034727934681341124 5 51
0.0764585150961992 5 52
0.11800071904973589 5 53
0.1366724617928552 5 54
0.11774465360636692 5 55
0.11483120463590198 5 56
0.11801544674634432 5 57
0.11705378101014026 5 58
0.11760004432131119 5 59
0.10442481231244939 5 60
0.10358765061541916 5 61
0.11788400260962799 5 62
0.13691649008400575 5 63
0.17076317349044046 5 64
0.20251589895286107 5 65
0.23568398455296058 5 66
0.2667632131395978 5 67
0.28293195374020824 5 68
0.29885941114200487 5 69
0.31312205664911963 5 70
0.32276015831254323 5 71
0.3346968084711044 5 72
0.35014885359628317 5 73
0.36360009167052443 5 74
0.36841194638539015 5 75
0.3617527300726256 5 76
0.34854763478303186 5 77
0.32796902815422013 5 78
0.30353743351822876 5 79
0.2771293270291836 5 80
0.2537148099883368 5 81
0.2350580057524669 5 82
0.2185134064545804 5 83
0.20543210056830674 5 84
0.19491162532459652 5 85
0.18088385417814287 5 86
0.16406457425792823 5 87
0.14602610711176964 5 88
0.12726726744398267 5 89
0.10923658274291743 5 90
0.08696706120295764 5 91
0.05726887689734956 5 92
0.028771669805183354 5 93
0.007723391837914346 5 94
-0.008404283674018635 5 95
-0.01832306279288313 5 96
-0.02193775832245278 5 97
-0.023291726219071527 5 98
-0.024865486952485645 5 99
-0.029213603351870388 5 100
-0.03976253847640288 5 101
-0.05979305496024796 5 102
-0.08718821363884754 5 103
-0.11463266201303553 5 104
-0.13976471384700884 5 105
-0.15822063405342335 5 106
-0.16815601709605799 5 107
-0.16500035459758436 5 108
-0.14465527097852895 5 109
-0.13362495200872074 5 110
-0.13753528160054068 5 111
-0.143396560674825 5 112
-0.15257178266319096 5 113
-0.16476504459147986 5 114
-0.17829205371533727 5 115
0.16534127587781156 6 0
0.19260648442384512 6 1
0.20427979537674898 6 2
0.21696637395932186 6 3
0.24327720596078364 6 4
0.2822372363005344 6 5
0.31302096898733545 6 6
0.328637124434951 6 7
0.35380990582517324 6 8
0.37181909541792446 6 9
0.37433727629051927 6 10
0.3661194121915843 6 11
0.3417644787893932 6 12
0.3064656524369604 6 13
0.26446319168074706 6 14
0.20146156456696218 6 15
0.13627956986612183 6 16
0.07630621358471235 6 17
0.0026107059855788486 6 18
-0.07247979891515502 6 19
-0.1164370598568511 6 20
-0.13167712538098228 6 21
-0.14609983334144006 6 22
-0.1664261434675086 6 23
-0.1965071540811554 6 24
-0.22429731990783755 6 25
-0.25103078025215697 6 26
-0.2736131936588049 6 27
-0.2866810101241791 6 28
-0.2919391088802266 6 29
-0.2892015768709406 6 30
-0.28225951876625655 6 31
-0.28340488725189894 6 32
-0.2853402176222168 6 33
-0.2815116452103713 6 34
-0.2750125258495658 6 35
-0.2650777224301546 6 36
-0.2563150609075431 6 37
-0.2538493878188249 6 38
-0.23439078826218293 6 39
-0.19846906112842763 6 40
-0.16852469184773025 6 41
-0.14252134608042427 6 42
-0.10651688894148158 6 43
-0.07038377304672272 6 44
-0.051542146680156886 6 45
-0.033529919331734714 6 46
-0.00539575102636756 6 47
0.010943643195832024 6 48
0.014366080553579788 6 49
0.035307010362016604 6 50
0.06666024921714235 6 51
0.10520175453303215 6 52
0.13633737442350552 6 53
0.15436959136243122 6 54
0.15186630466419193 6 55
0.16640048133368013 6 56
0.17590561213355924 6 57
0.17332892096693686 6 58
0.16945767334462672 6 59
0.15980680830321717 6 60
0.1595762855731723 6 61
0.17499202230152303 6 62
0.1971175384239499 6 63
0.22871843396720495 6 64
0.2541180897256454 6 65
0.2807278541909014 6 66
0.3043527552772763 6 67
0.31364804961537185 6 68
0.32413272814458444 6 69
0.3351609390745367 6 70
0.34320907206440016 6 71
0.3522682383790415 6 72
0.3630871703942761 6 73
0.3686002285737464 6 74
0.3653254455069511 6 75
0.3512320568753856 6 76
0.3316909345636033 6 77
0.3067780957531146 6 78
0.27975476128408444 6 79
0.25373608649129664 6 80
0.23339803979635523 6 81
0.21845532773906046 6 82
0.20424068132209217 6 83
0.1914609049229604 6 84
0.1797626042010612 6 85
0.16236883509156608 6 86
0.14117947810365644 6 87
0.11883904312054608 6 88
0.09600972579336257 6 89
0.07307131687430801 6 90
0.04730374239067671 6 91
0.016340872585487776 6 92
-0.011661148498984064 6 93
-0.029909864705354224 6 94
-0.04004428813438451 6 95
-0.040398991291222396 6 96
-0.03152231973734699 6 97
-0.02230271009249209 6 98
-0.019235982228617145 6 99
-0.022827841753551348 6 100
-0.03398789601246164 6 101
-0.05395135712711672 6 102
-0.07887953273877059 6 103
-0.1002771924958913 6 104
-0.11943442603718059 6 105
-0.1338787094764625 6 106
-0.14009694276239118 6 107
-0.13278642030219073 6 108
-0.10618736672736295 6 109
-0.09106885932910569 6 110
-0.09550453241542217 6 111
-0.10368821339651395 6 112
-0.1150218067085192 6 113
-0.1266525778909746 6 114
-0.13619691577189363 6 115
0.16297423716964707 7 0
0.18640745142436124 7 1
0.19904250206385599 7 2
0.2139592584171778 7 3
0.23876439326832152 7 4
0.2749816235526744 7 5
0.3036877671283789 7 6
0.3173299700073888 7 7
0.34122455430627896 7 8
0.3605916004869246 7 9
0.36931395399275674 7 10
0.3661927086813851 7 11
0.33962439230961206 7 12
0.29479005900631694 7 13
0.24179441977017685 7 14
0.17737674207569804 7 15
0.11307045742792456 7 16
0.05764231550685196 7 17
-0.007565217303998141 7 18
-0.06857279697999624 7 19
-0.09984722795611163 7 20
-0.11334011671551585 7 21
-0.13189950222935984 7 22
-0.15699454305374996 7 23
-0.18944765861497584 7 24
-0.21728658175097 7 25
-0.24190478876311047 7 26
-0.264147328725348 7 27
-0.27885035080140896 7 28
-0.28476922217245065 7 29
-0.2809410872302911 7 30
-0.2745161446379023 7 31
-0.27864759636849024 7 32
-0.2846999736544025 7 33
-0.28156358530075104 7 34
-0.27453072518405003 7 35
-0.26658561657040514 7 36
-0.256120536204321 7 37
-0.2447000954301942 7 38
-0.21766206043042313 7 39
-0.17586137894446302 7 40
-0.14174028233357008 7 41
-0.11584941842417044 7 42
-0.07988313435680965 7 43
-0.044650297372270706 7 44
-0.030748740717235493 7 45
-0.01611447169284435 7 46
0.010113720838591383 7 47
0.025532895061688776 7 48
0.031573084371359764 7 49
0.06558213307074318 7 50
0.10867441920987249 7 51
0.14780429142650628 7 52
0.16775317186791514 7 53
0.184828358537131 7 54
0.19719754226841563 7 55
0.21974481059930268 7 56
0.22804681186106643 7 57
0.22679619668469328 7 58
0.22339967299303667 7 59
0.21530475546870712 7 60
0.21437101404068765 7 61
0.22543811979054443 7 62
0.2449050916666115 7 63
0.27364034742895743 7 64
0.29486805261666876 7 65
0.3148369036898308 7 66
0.33088502607887293 7 67
0.3355221436590516 7 68
0.3419346832832252 7 69
0.34938378935625747 7 70
0.35460470286712903 7 71
0.3596365488417634 7 72
0.364820743993057 7 73
0.36330692852059093 7 74
0.3524097792695047 7 75
0.33177203697189933 7 76
0.30726882368688757 7 77
0.2795536738473896 7 78
0.2521792358934715 7 79
0.22925148432371428 7 80
0.2134761450072035 7 81
0.2021072520773674 7 82
0.18956409178054398 7 83
0.17597169985189423 7 84
0.16197106411505552 7 85
0.14121184179777532 7 86
0.11558361097804026 7 87
0.0884250272466568 7 88
0.06154606084720285 7 89
0.0357135703206366 7 90
0.010580372902297698 7 91
-0.01638811723871062 7 92
-0.03990985375782062 7 93
-0.05333703899222916 7 94
-0.054729289033240466 7 95
-0.04365732120268467 7 96
-0.024562308747900115 7 97
-0.009601149563732928 7 98
-0.006078734383439286 7 99
-0.01127115711211629 7 100
-0.024487394361055386 7 101
-0.04329870004760926 7 102
-0.061769742701896994 7 103
-0.07653819034801396 7 104
-0.09131458833069837 7 105
-0.1017224332409177 7 106
-0.1055587713046444 7 107
-0.0995811085228687 7 108
-0.07412275841012991 7 109
-0.05876143826292863 7 110
-0.06200571219646018 7 111
-0.06959548173102494 7 112
-0.08208288695562767 7 113
-0.09189154662180936 7 114
-0.09716944942298447 7 115
0.15568541565746272 8 0
0.17255852307985223 8 1
0.18967388358992895 8 2
0.20937456112535968 8 3
0.23544462374291522 8 4
0.27080798502405 8 5
0.299357297701562 8 6
0.31366245423423517 8 7
0.3338373497079597 8 8
0.3512027265849801 8 9
0.3640253380774417 8 10
0.36535818941713805 8 11
0.33530054449023006 8 12
0.27820379893044994 8 13
0.21326091262022137 8 14
0.14898666429168256 8 15
0.08778707784089299 8 16
0.0373538702347735 8 17
-0.019436602258261007 8 18
-0.06981755222952353 8 19
-0.09262730794369321 8 20
-0.10496537045446673 8 21
-0.12384010155796998 8 22
-0.1511651710240385 8 23
-0.1853691383947324 8 24
-0.21281337534501557 8 25
-0.23339261131216105 8 26
-0.2551518170944244 8 27
-0.2712388373566109 8 28
-0.2780195157564082 8 29
-0.2740415321554138 8 30
-0.269366037913253 8 31
-0.2764573054871046 8 32
-0.2844586021378234 8 33
-0.283546230854834 8 34
-0.2764149790140129 8 35
-0.26801473516351787 8 36
-0.25344188747080937 8 37
-0.23286041674423352 8 38
-0.20119879239619487 8 39
-0.15568592601246511 8 40
-0.11527845038306174 8 41
-0.08712370241504387 8 42
-0.05329149428664564 8 43
-0.02179234016326367 8 44
-0.013921018954570928 8 45
-0.004740623875932068 8 46
0.017836159974925794 8 47
0.03141700600907582 8 48
0.04472528758253467 8 49
0.09467599739947051 8 50
0.14924652463055033 8 51
0.19333777752898926 8 52
0.2107847095107181 8 53
0.22390426550949258 8 54
0.2352972951466923 8 55
0.25604063993728077 8 56
0.26795751022444214 8 57
0.2719750210585051 8 58
0.26947358825408535 8 59
0.26159628187960654 8 60
0.2596330309115488 8 61
0.2672050563922976 8 62
0.28435008174339366 8 63
0.3098541385127274 8 64
0.3271473094842716 8 65
0.3410570510970544 8 66
0.351173000229216 8 67
0.35282338290144694 8 68
0.35615224866242173 8 69
0.3580614084317455 8 70
0.3566152541987825 8 71
0.3557765207759674 8 72
0.35444168835129103 8 73
0.3465791782949302 8 74
0.33026371099699586 8 75
0.30460546657375936 8 76
0.2766340941349806 8 77
0.2481796481338158 8 78
0.22238952095059053 8 79
0.20383574489275408 8 80
0.1924574438902795 8 81
0.18471706368572086 8 82
0.17432026335346743 8 83
0.15995108645325418 8 84
0.14265821173609536 8 85
0.11765631854123507 8 86
0.08889973213435777 8 87
0.05934200498910955 8 88
0.03084959125998409 8 89
0.005208481480683741 8 90
-0.01677691672643648 8 91
-0.03839124436334485 8 92
-0.05659425792206031 8 93
-0.06470242877264169 8 94
-0.057221613568289885 8 95
-0.03728087535465578 8 96
-0.014742099868217388 8 97
0.0004196223101475382 8 98
0.0024338399734476946 8 99
-0.006876830190155182 8 100
-0.022824271086326148 8 101
-0.03918012014249165 8 102
-0.05129240950278761 8 103
-0.06005964400664192 8 104
-0.07080447414912562 8 105
-0.07570159682340633 8 106
-0.07892409257216002 8 107
-0.07898736649901975 8 108
-0.059064074696240504 8 109
-0.04308152544551583 8 110
-0.04507882793275312 8 111
-0.05385644757729971 8 112
-0.06453318278466923 8 113
-0.06679163103766018 8 114
-0.06756239882339662 8 115
0.14680839222819808 9 0
0.1572241380644607 9 1
0.17656917192559632 9 2
0.20137201829416262 9 3
0.23011297086756005 9 4
0.2654934232239396 9 5
0.29556244991170555 9 6
0.31180481328690995 9 7
0.3315523025507837 9 8
0.34860779352385696 9 9
0.360482830547207 9 10
0.3627749880368853 9 11
0.3282394122119431 9 12
0.2603432543702617 9 13
0.18453595041975973 9 14
0.11903007690887348 9 15
0.062105190821791466 9 16
0.014118119544911486 9 17
-0.03666602285196152 9 18
-0.07687394696604426 9 19
-0.09306071501484184 9 20
-0.10406133204590103 9 21
-0.1234135560727821 9 22
-0.15277275409840832 9 23
-0.1873263569462036 9 24
-0.21280171327890687 9 25
-0.22947089738219512 9 26
-0.24826417310156673 9 27
-0.2632675048664737 9 28
-0.2695197086814271 9 29
-0.26391972130086444 9 30
-0.26087733792525225 9 31
-0.272663425368946 9 32
-0.2833681937854367 9 33
-0.28483746449895675 9 34
-0.27897488948010346 9 35
-0.271031504782235 9 36
-0.2511847052656919 9 37
-0.2185206043718223 9 38
-0.1783226037995739 9 39
-0.1300633882619484 9 40
-0.08923913550977597 9 41
-0.060988314870679974 9 42
-0.030785395337960268 9 43
-0.006724936239423143 9 44
-0.0045806022623272385 9 45
0.004790653135501168 9 46
0.026381822712628154 9 47
0.037901196097699104 9 48
0.058216442920537126 9 49
0.12073850277652606 9 50
0.18557163976056945 9 51
0.23199393720816933 9 52
0.2479735130282253 9 53
0.2579925655568877 9 54
0.2661868080515587 9 55
0.28544908330437085 9 56
0.30233822429180157 9 57
0.3105377545675929 9 58
0.3060685425602951 9 59
0.29777526905379326 9 60
0.2958866341314093 9 61
0.30228864996498034 9 62
0.31743567239205095 9 63
0.33848076646259534 9 64
0.35291678248848574 9 65
0.36325394377374637 9 66
0.3678603261380675 9 67
0.36612399484379715 9 68
0.36483740699781625 9 69
0.35959928004016517 9 70
0.3500786298075931 9 71
0.3430654105049919 9 72
0.33602153963688375 9 73
0.32311426699521684 9 74
0.3021323727373995 9 75
0.2729043974228942 9 76
0.24413062929532806 9 77
0.2173877730868235 9 78
0.19429160938670356 9 79
0.17898412615922005 9 80
0.17068258807409462 9 81
0.16610239347952807 9 82
0.15826600753262232 9 83
0.143154250380561 9 84
0.12209042222395207 9 85
0.09390626139768567 9 86
0.0653183214770071 9 87
0.03590887264160852 9 88
0.007052052783270378 9 89
-0.017929886766244536 9 90
-0.038273114649337664 9 91
-0.0575407622690492 9 92
-0.07124931821697289 9 93
-0.07180121686860183 9 94
-0.05712984857751836 9 95
-0.03601477288008912 9 96
-0.01761147024724117 9 97
-0.006241174047826106 9 98
-0.00696051783739927 9 99
-0.020808395409767082 9 100
-0.03791428223676208 9 101
-0.0501104763130323 9 102
-0.05733355386723495 9 103
-0.05930910705185824 9 104
-0.06259100640024463 9 105
-0.06323784103258297 9 106
-0.06783028567690995 9 107
-0.07204028848927468 9 108
-0.0554980161410416 9 109
-0.04106713202252784 9 110
-0.044684170326805286 9 111
-0.05143609702099998 9 112
-0.05179308163270435 9 113
-0.04308607175644914 9 114
-0.03977552142450494 9 115
0.14421746368452001 10 0
0.15029154653200327 10 1
0.16795528595788897 10 2
0.1953210785629023 10 3
0.2263746891069051 10 4
0.2614048641482189 10 5
0.2934878721825162 10 6
0.31071579621725665 10 7
0.3295516527917807 10 8
0.34622123584064185 10 9
0.3527691754683947 10 10
0.3523453541460107 10 11
0.3124477063156066 10 12
0.2357508241756593 10 13
0.15292054410603223 10 14
0.08832619516633369 10 15
0.037730069298968875 10 16
-0.009509557537852893 10 17
-0.058249645073922524 10 18
-0.09080692800324561 10 19
-0.10030489835965106 10 20
-0.10727079608589671 10 21
-0.12502689356025207 10 22
-0.15467689439373997 10 23
-0.18864980141856308 10 24
-0.2112970527214934 10 25
-0.22573921198873947 10 26
-0.24121468624602477 10 27
-0.2543202358893427 10 28
-0.25973211305287824 10 29
-0.25241545288601214 10 30
-0.24954643860456183 10 31
-0.2626309034902341 10 32
-0.27512049059326976 10 33
-0.27857306660753256 10 34
-0.2756404879481189 10 35
-0.26980933389139694 10 36
-0.2471028438844703 10 37
-0.20382185981506123 10 38
-0.15375244604500818 10 39
-0.10211617960857032 10 40
-0.06363147853920426 10 41
-0.039335691072633946 10 42
-0.0136322425208777 10 43
0.005439441288714914 10 44
0.008017785045455928 10 45
0.022964193169450857 10 46
0.04101580066033641 10 47
0.05012718315818387 10 48
0.07142685936606435 10 49
0.1366923742334879 10 50
0.2059840193190741 10 51
0.24757942267621905 10 52
0.2687379803322011 10 53
0.28379667428427635 10 54
0.29531541699344277 10 55
0.31573300981788555 10 56
0.33406711710698905 10 57
0.34384221924482733 10 58
0.338766425209132 10 59
0.32915493681824576 10 60
0.326895963383577 10 61
0.3323427287510443 10 62
0.34517234405907227 10 63
0.36126149740538493 10 64
0.3722310751510398 10 65
0.3777105013804642 10 66
0.3770393200252276 10 67
0.37220884700421125 10 68
0.36535944382109253 10 69
0.3533629814893772 10 70
0.3383201501150485 10 71
0.3268992449636534 10 72
0.3135249495886068 10 73
0.29393561236616 10 74
0.26901771315946854 10 75
0.2400581173371857 10 76
0.21330317230632947 10 77
0.18859492420178484 10 78
0.16849666048321169 10 79
0.15605746648783894 10 80
0.14993926135137559 10 81
0.1469625889385424 10 82
0.14030350164757957 10 83
0.12448436878028915 10 84
0.1025622372749855 10 85
0.07484010165026538 10 86
0.04688627393070452 10 87
0.01629707900522792 10 88
-0.013225769260789617 10 89
-0.0383279989156492 10 90
-0.05876107541468514 10 91
-0.07613715915655987 10 92
-0.08356863786815451 10 93
-0.0772388977922479 10 94
-0.061067759642908 10 95
-0.0441697804857954 10 96
-0.03228000548219372 10 97
-0.026155178076152183 10 98
-0.02974523605535208 10 99
-0.04591283194852976 10 100
-0.06081921382389128 10 101
-0.06694612693913925 10 102
-0.06863407413688573 10 103
-0.06421837104327129 10 104
-0.060122420793669216 10 105
-0.05874300926692517 10 106
-0.06397682461704259 10 107
-0.06716558025470211 10 108
-0.05232594239688238 10 109
-0.043303581820415424 10 110
-0.04690467549312209 10 111
-0.04390305726404904 10 112
-0.032458452960544004 10 113
-0.01828820802932531 10 114
-0.009522757953874531 10 115
0.1404823648948419 11 0
0.1455492050027463 11 1
0.16246720718294697 11 2
0.19085321296882873 11 3
0.22352152881831075 11 4
0.2590531126992851 11 5
0.29186226840255275 11 6
0.3103419851223931 11 7
0.32520305504231006 11 8
0.33845802439863065 11 9
0.34152554825323944 11 10
0.3357049914879569 11 11
0.2886185640161457 11 12
0.2088305442005203 11 13
0.1255948940748233 11 14
0.06473747665516245 11 15
0.017609801760954637 11 16
-0.031687208798618735 11 17
-0.0779559103924685 11 18
-0.10090508143886101 11 19
-0.1026217665302501 11 20
-0.1063978185123658 11 21
-0.12285852686156346 11 22
-0.1528824868135245 11 23
-0.1855095202500823 11 24
-0.20547160145038432 11 25
-0.2190876351592089 11 26
-0.23311763991892698 11 27
-0.24340896173116916 11 28
-0.2466148659377846 11 29
-0.239153484666412 11 30
-0.23815641979498786 11 31
-0.2510916349395961 11 32
-0.2639000603966522 11 33
-0.26530796253359784 11 34
-0.2613367861372428 11 35
-0.2551468244591023 11 36
-0.23117842803938654 11 37
-0.18332936251322524 11 38
-0.1297880041509968 11 39
-0.07475253870986703 11 40
-0.03582648419613582 11 41
-0.015290182809414207 11 42
0.005473629067387371 11 43
0.023229115088695282 11 44
0.030714590158404595 11 45
0.04814828372861397 11 46
0.06225456864985287 11 47
0.0648272668138171 11 48
0.08122694525117165 11 49
0.1456191205457167 11 50
0.21046273364572393 11 51
0.25192014703358684 11 52
0.2793358144898285 11 53
0.30085585460921427 11 54
0.31930571659478324 11 55
0.34073652255047265 11 56
0.35806664883603817 11 57
0.3667298005851657 11 58
0.36125989163917077 11 59
0.3519659836827291 11 60
0.3500647460825984 11 61
0.3551995539223351 11 62
0.3664609894579936 11 63
0.3775703988317742 11 64
0.38277150169018614 11 65
0.38185493369199 11 66
0.3773776795091016 11 67
0.3714132808456499 11 68
0.3605065163904537 11 69
0.3427026691469808 11 70
0.32256661826650435 11 71
0.3058977027618065 11 72
0.28559173586174347 11 73
0.26006447087804124 11 74
0.23431743596263474 11 75
0.20855942928947338 11 76
0.18524610410029765 11 77
0.1633598753761857 11 78
0.1466137728755799 11 79
0.13675147050635736 11 80
0.13115120655518858 11 81
0.12775995222697287 11 82
0.1205851208880334 11 83
0.10459835761075106 11 84
0.08382250056629324 11 85
0.057830600965024175 11 86
0.029990859749759246 11 87
-0.002001583238044467 11 88
-0.03218791889783824 11 89
-0.056977772468103254 11 90
-0.07643728597941304 11 91
-0.09095684856895742 11 92
-0.091983420121003 11 93
-0.08144380862199789 11 94
-0.06821545492651332 11 95
-0.05703054366589253 11 96
-0.05170636378906841 11 97
-0.05116320542222704 11 98
-0.05653851978741581 11 99
-0.0693050040481686 11 100
-0.07893810217002827 11 101
-0.0803591428818278 11 102
-0.07610975979925408 11 103
-0.06539858591641066 11 104
-0.0563489982965159 11 105
-0.05209777626481715 11 106
-0.05819957135963758 11 107
-0.06248319199316647 11 108
-0.052220339790297214 11 109
-0.04504609177645125 11 110
-0.0375977650050239 11 111
-0.019428948431769438 11 112
0.0002553347101740611 11 113
0.017597956061843438 11 114
0.03406760769885274 11 115
0.15005220595227922 12 0
0.1547096443515957 12 1
0.16995016182103398 12 2
0.1961116216174571 12 3
0.22297095687266977 12 4
0.2501929289621953 12 5
0.27626129684360407 12 6
0.2925190732162045 12 7
0.30162547117458777 12 8
0.30565791088495936 12 9
0.3031234918075421 12 10
0.28969401518231974 12 11
0.23522328245758573 12 12
0.15511007462983875 12 13
0.07914437568304188 12 14
0.026649529073911257 12 15
-0.018379864886353375 12 16
-0.06929107169257101 12 17
-0.1091991307733557 12 18
-0.11914622585005488 12 19
-0.11468306802572223 12 20
-0.11656324279541634 12 21
-0.13071907541354683 12 22
-0.1596476651941216 12 23
-0.18823126642170004 12 24
-0.20344530631651464 12 25
-0.21374909305483655 12 26
-0.22538324738597568 12 27
-0.23221373016748822 12 28
-0.23327211329419809 12 29
-0.22838438571984226 12 30
-0.2326496773853148 12 31
-0.24675571294860119 12 32
-0.25507239502010726 12 33
-0.25054196702651166 12 34
-0.24239815454505476 12 35
-0.23352100200942305 12 36
-0.21129887448770726 12 37
-0.1644651945751203 12 38
-0.11150254326719981 12 39
-0.05343716543427976 12 40
-0.012114319090701505 12 41
0.00548945674387447 12 42
0.022188618011897573 12 43
0.03992190865814196 12 44
0.05225656701880226 12 45
0.06888584478978925 12 46
0.07819390498051576 12 47
0.07656161208161498 12 48
0.09519374801614315 12 49
0.15808312654907422 12 50
0.2161815200525614 12 51
0.26275221835020596 12 52
0.29589021513520375 12 53
0.31969146600303117 12 54
0.3421304280888821 12 55
0.36274694489967757 12 56
0.3765415550437028 12 57
0.38217645618647805 12 58
0.3762136275322193 12 59
0.3686746008203169 12 60
0.36833991494951485 12 61
0.37254151153609727 12 62
0.38054646430528466 12 63
0.38626712411631736 12 64
0.3855734852983532 12 65
0.3790906323207593 12 66
0.3719636003155483 12 67
0.36418383932766674 12 68
0.34908937441028304 12 69
0.32586505184748826 12 70
0.30049373238443655 12 71
0.27900537725798474 12 72
0.25434047168241675 12 73
0.2263634942647654 12 74
0.20258829465867886 12 75
0.1810646046271014 12 76
0.16123209779433728 12 77
0.14321188283929714 12 78
0.1297757533578281 12 79
0.12113354869221578 12 80
0.11476176636514798 12 81
0.10922531616227134 12 82
0.10098082837966793 12 83
0.08592782345508958 12 84
0.06642818947332421 12 85
0.04146327522721416 12 86
0.013961826981558982 12 87
-0.016885594279205367 12 88
-0.046724240441437075 12 89
-0.07135960109717907 12 90
-0.08849532769535753 12 91
-0.09716539905623502 12 92
-0.09353427616374083 12 93
-0.08417594308633924 12 94
-0.07682934170946086 12 95
-0.07122473244255982 12 96
-0.07160043709868451 12 97
-0.0765535655703153 12 98
-0.08254363060653414 12 99
-0.08830469619565297 12 100
-0.09053061377995576 12 101
-0.0864837349665078 12 102
-0.07544231430405958 12 103
-0.05966394737703566 12 104
-0.04845417300655385 12 105
-0.04260412593577339 12 106
-0.04846448365497394 12 107
-0.055789831176330816 12 108
-0.047814741356346745 12 109
-0.032067103416332995 12 110
-0.006955153645794364 12 111
0.023309724400604193 12 112
0.050706321218480864 12 113
0.0753146697186087 12 114
0.09793612098133092 12 115
0.16289245043845707 13 0
0.1676218547401177 13 1
0.17866767156422286 13 2
0.1923534792961567 13 3
0.20205880725494668 13 4
0.21050857652075491 13 5
0.22029871905890977 13 6
0.2246789520868709 13 7
0.22180573959586278 13 8
0.2146227820548223 13 9
0.20447328443863202 13 10
0.18494426996698116 13 11
0.13210911975919784 13 12
0.06775116470417548 13 13
0.012917506219816549 13 14
-0.02663065134946028 13 15
-0.06817235391611251 13 16
-0.11052609825449437 13 17
-0.13578397580127446 13 18
-0.13622438370303377 13 19
-0.13165184440023744 13 20
-0.1344456801779458 13 21
-0.14701888980683828 13 22
-0.17340506501322833 13 23
-0.19496927978895934 13 24
-0.2028966891680424 13 25
-0.20895040366361398 13 26
-0.21697539069940508 13 27
-0.22026450611487738 13 28
-0.22091733191495502 13 29
-0.22173120268686985 13 30
-0.23294964711462626 13 31
-0.246110687238083 13 32
-0.24934143712645182 13 33
-0.23946894737133936 13 34
-0.2262558954647341 13 35
-0.21358606006301606 13 36
-0.19399388530071113 13 37
-0.1514744447603367 13 38
-0.10033306654394455 13 39
-0.041167327020932475 13 40
3.996101276291911e-05 13 41
0.013560309157379177 13 42
0.02684865096208883 13 43
0.046255609556211545 13 44
0.0640177187928672 13 45
0.0815825508605267 13 46
0.08825294395637759 13 47
0.0936554079027454 13 48
0.11803930137454233 13 49
0.1761785228194515 13 50
0.23195023614477486 13 51
0.28281778573340083 13 52
0.31864490604942 13 53
0.34246235593119173 13 54
0.3649851938173259 13 55
0.3836126137671401 13 56
0.39397894902661884 13 57
0.3954214540713984 13 58
0.38779279809952333 13 59
0.38052918070908454 13 60
0.3791589480989226 13 61
0.38116437726295743 13 62
0.38574059215062817 13 63
0.38652501275158596 13 64
0.3814290944050769 13 65
0.37152207514114516 13 66
0.36125279672659394 13 67
0.34929901992424955 13 68
0.3304228901636 13 69
0.3039903769787181 13 70
0.2751056381631033 13 71
0.24992974321142153 13 72
0.22295660085181307 13 73
0.19493093235487768 13 74
0.17333590422026918 13 75
0.15520525802823187 13 76
0.1392368172070576 13 77
0.12549529405646404 13 78
0.11452442352782619 13 79
0.10604772426951364 13 80
0.09916300094056528 13 81
0.09205859928076619 13 82
0.08274543305253114 13 83
0.06734186076363617 13 84
0.047291596493770884 13 85
0.022386753116779685 13 86
-0.0048357882672609145 13 87
-0.033992629620179446 13 88
-0.062239237093047094 13 89
-0.08371839004500488 13 90
-0.09397769835180683 13 91
-0.09526496868390358 13 92
-0.09090030193525755 13 93
-0.08618699912481888 13 94
-0.08391759810208475 13 95
-0.08526545166745274 13 96
-0.09192247663108645 13 97
-0.09929845152916685 13 98
-0.10218301748896332 13 99
-0.10094464694170974 13 100
-0.0951445597091617 13 101
-0.0842565277092569 13 102
-0.06767652644833998 13 103
-0.04949091110706149 13 104
-0.03682902317171804 13 105
-0.029944678954066134 13 106
-0.03310680412023292 13 107
-0.039988856757193485 13 108
-0.02762835725628569 13 109
0.0005403440524263661 13 110
0.037178320142542375 13 111
0.07799510892704785 13 112
0.1166550611146137 13 113
0.14640707021781907 13 114
0.16525868171623287 13 115
0.17863210573449023 14 0
0.1786845151885572 14 1
0.1805171560653667 14 2
0.17979063274961987 14 3
0.17346461855879478 14 4
0.165764011656233 14 5
0.15916590634825814 14 6
0.15037242457879374 14 7
0.136577218933808 14 8
0.12192960573027072 14 9
0.10597904945704152 14 10
0.08474248258741938 14 11
0.03915303591978392 14 12
-0.009101327739536194 14 13
-0.0504021637678518 14 14
-0.08341371542326603 14 15
-0.11786056957666582 14 16
-0.14615682125216828 14 17
-0.15709076004911793 14 18
-0.15299897393626807 14 19
-0.150117728995265 14 20
-0.15422875984458626 14 21
-0.1634923135930552 14 22
-0.18222555073623323 14 23
-0.19368216493444884 14 24
-0.19510478582685148 14 25
-0.1969410806018502 14 26
-0.2021408802467957 14 27
-0.2032564254801176 14 28
-0.20539791355473394 14 29
-0.21143997972375686 14 30
-0.22489996415204508 14 31
-0.2365581553071752 14 32
-0.23784107059744333 14 33
-0.22543487234381912 14 34
-0.20850470282458414 14 35
-0.19200494777725619 14 36
-0.1755844124661522 14 37
-0.1415533111838626 14 38
-0.09602350449534033 14 39
-0.039923325799371995 14 40
-0.0004361565081395631 14 41
0.011456755841648836 14 42
0.024303655443901662 14 43
0.04749026399057566 14 44
0.07131889794139538 14 45
0.08981473661317725 14 46
0.10087451932983382 14 47
0.11825902153390763 14 48
0.14847900269842615 14 49
0.20344715508508487 14 50
0.2573777793231812 14 51
0.30691215997837296 14 52
0.341855021740763 14 53
0.3650636424616177 14 54
0.3864032607051033 14 55
0.403079250871483 14 56
0.41062248563173875 14 57
0.4062538133982715 14 58
0.39457213836043925 14 59
0.38497403226221166 14 60
0.3811827181762607 14 61
0.3812985239062781 14 62
0.38326708787018743 14 63
0.3813268707816903 14 64
0.37316600578162507 14 65
0.35991980490292236 14 66
0.3445505641700004 14 67
0.3275546926992348 14 68
0.3064695706066486 14 69
0.2795183197336257 14 70
0.24860180533991844 14 71
0.22003901112635868 14 72
0.19122864721399765 14 73
0.16387145108578197 14 74
0.14386540683712018 14 75
0.12862171615182963 14 76
0.11639076117539897 14 77
0.10608069918115376 14 78
0.09688213040023941 14 79
0.08826262790268354 14 80
0.08140199954603104 14 81
0.07380800759781504 14 82
0.06299432302591626 14 83
0.045758831343977395 14 84
0.024639554704805625 14 85
-0.0008332485918918823 14 86
-0.02842796297275992 14 87
-0.05602358734824914 14 88
-0.07934514739885436 14 89
-0.09196153024716956 14 90
-0.0935308399764815 14 91
-0.09069232171742589 14 92
-0.08681589592880183 14 93
-0.08535794063745694 14 94
-0.08807831729341051 14 95
-0.096025904833911 14 96
-0.10594209089482638 14 97
-0.11005611416120184 14 98
-0.10777017358383738 14 99
-0.10216089349658662 14 100
-0.09222685069841947 14 101
-0.07660123624469299 14 102
-0.0573606972314471 14 103
-0.037951370769482524 14 104
-0.02165500245917383 14 105
-0.01169212316213872 14 106
-0.011933470137190674 14 107
-0.01137800045247578 14 108
0.011790163030950072 14 109
0.04768039048296383 14 110
0.08962808765883493 14 111
0.1379154403466374 14 112
0.1782962938259257 14 113
0.19974291340158684 14 114
0.20713478840748173 14 115
0.19502052976384515 15 0
0.19114716323220526 15 1
0.1846469615290793 15 2
0.17626745065802443 15 3
0.162011942895086 15 4
0.1448534720049008 15 5
0.1261112742744044 15 6
0.10678273548109611 15 7
0.08632839851647561 15 8
0.06692684799258453 15 9
0.04609041314220287 15 10
0.022881552871263994 15 11
-0.019423978075577275 15 12
-0.06319959274856578 15 13
-0.1002472949269047 15 14
-0.12827752622523816 15 15
-0.15392849502315392 15 16
-0.17316410231545354 15 17
-0.1764412008768746 15 18
-0.1699615220542515 15 19
-0.16940749681371872 15 20
-0.17458526279251121 15 21
-0.1799173055805978 15 22
-0.1903525426898209 15 23
-0.1941448625718325 15 24
-0.19048175355123495 15 25
-0.18722082885918911 15 26
-0.1881950405051015 15 27
-0.188241377356509 15 28
-0.19459001940658274 15 29
-0.20576842492147318 15 30
-0.21727024412018286 15 31
-0.22464555092865998 15 32
-0.22740590182908837 15 33
-0.21444941254731983 15 34
-0.19298024983315012 15 35
-0.1743137974760544 15 36
-0.16253109506382324 15 37
-0.13874276519690523 15 38
-0.09883127585014378 15 39
-0.045086457708622206 15 40
-0.007044712323478358 15 41
0.006039989813584806 15 42
0.019582456660522427 15 43
0.044636481738036936 15 44
0.0742279956644051 15 45
0.09556573137854078 15 46
0.11705704438341766 15 47
0.14631746538609272 15 48
0.18554142129785747 15 49
0.23931613689806588 15 50
0.2889187967881536 15 51
0.33286917850857195 15 52
0.3653767490275738 15 53
0.3883353066848343 15 54
0.4075052545338942 15 55
0.42026884423505023 15 56
0.42205853043828084 15 57
0.4105006296964889 15 58
0.39443306295694647 15 59
0.3829099284872652 15 60
0.37827714403674334 15 61
0.3780169543176351 15 62
0.37714021422575117 15 63
0.3725361161000851 15 64
0.3617044402984978 15 65
0.3446787134717759 15 66
0.32435375107051473 15 67
0.30340452160425696 15 68
0.28092275451471943 15 69
0.2532693145806081 15 70
0.2204930143736736 15 71
0.18910070883831673 15 72
0.1598174155994058 15 73
0.13455114311022456 15 74
0.11685200791444969 15 75
0.1049234089162968 15 76
0.09599405542832826 15 77
0.08690108516611993 15 78
0.07742531584157492 15 79
0.06772663884435273 15 80
0.05968703236582935 15 81
0.05087118118710014 15 82
0.038553321311757566 15 83
0.020496443611374662 15 84
-0.0005321949730693809 15 85
-0.02624979593874618 15 86
-0.05383423060626369 15 87
-0.07815923472674395 15 88
-0.09284561582277535 15 89
-0.09396164674103934 15 90
-0.0888996169522212 15 91
-0.0844201656145045 15 92
-0.07913677356646333 15 93
-0.07876395917218959 15 94
-0.08535338876703902 15 95
-0.09431571406201843 15 96
-0.10255710057197871 15 97
-0.10436978079328829 15 98
-0.10047617520374551 15 99
-0.09243577063519053 15 100
-0.07895456090271005 15 101
-0.06104683671550309 15 102
-0.042056901936783075 15 103
-0.021646747795821215 15 104
-0.002349331451573186 15 105
0.009448996353924722 15 106
0.01247479978759612 15 107
0.027487803923077817 15 108
0.061904483763073115 15 109
0.09815737112534348 15 110
0.13771788340785096 15 111
0.1791645957582705 15 112
0.2049725788280784 15 113
0.21361920924555136 15 114
0.21651352373729632 15 115
0.2072120754987554 16 0
0.2019504851518271 16 1
0.189059258881931 16 2
0.17592588042748092 16 3
0.15945007334742697 16 4
0.13731344310845242 16 5
0.11132487584581985 16 6
0.08470590925997074 16 7
0.05808652518451047 16 8
0.0315686597061924 16 9
0.004084048147096875 16 10
-0.02326187770106868 16 11
-0.06565663016546049 16 12
-0.10873406044893037 16 13
-0.14259773806119447 16 14
-0.16392090056194075 16 15
-0.1815204174106185 16 16
-0.19515895104298134 16 17
-0.1954530846583295 16 18
-0.18862568240631689 16 19
-0.1900732041460671 16 20
-0.19531828966998166 16 21
-0.19565024610619158 16 22
-0.1976112131487304 16 23
-0.19582284083661303 16 24
-0.18788141338897318 16 25
-0.17829727555978642 16 26
-0.17348010658354487 16 27
-0.17417003943825435 16 28
-0.18524041596680943 16 29
-0.19934660281085362 16 30
-0.20776921467995546 16 31
-0.21375655063539975 16 32
-0.21841013212531188 16 33
-0.20264746133564102 16 34
-0.17401267121050537 16 35
-0.1535267452583958 16 36
-0.14789657407389692 16 37
-0.133629844026472 16 38
-0.09723996573317582 16 39
-0.04627230272631554 16 40
-0.012614667520439963 16 41
-0.000738739662001707 16 42
0.010800498458096299 16 43
0.034996558503690815 16 44
0.0693640258654205 16 45
0.09798175409108117 16 46
0.12988746102575646 16 47
0.17055101553073373 16 48
0.22078797869614883 16 49
0.27501589501867013 16 50
0.31991039328593573 16 51
0.35778138668286513 16 52
0.3873438500698812 16 53
0.4095368929582586 16 54
0.42351893055346723 16 55
0.42868887606945055 16 56
0.4231980616266185 16 57
0.4071601248627441 16 58
0.3894004371094285 16 59
0.3777739496671827 16 60
0.3726968617806055 16 61
0.371422580481842 16 62
0.367373186743226 16 63
0.35975380362147075 16 64
0.34700001429722854 16 65
0.3270258346940531 16 66
0.3028901382358088 16 67
0.2779994631639478 16 68
0.25255993257355475 16 69
0.22337016947896285 16 70
0.19013291339703478 16 71
0.15866318449452035 16 72
0.13126898443423748 16 73
0.10975110757181614 16 74
0.0952728992288128 16 75
0.08610206215879189 16 76
0.07814739624274847 16 77
0.06786261353173204 16 78
0.05653090846886835 16 79
0.0451291065410583 16 80
0.035015420154061457 16 81
0.024045312965650142 16 82
0.010498385457873169 16 83
-0.0066919751790401275 16 84
-0.026308562272722734 16 85
-0.05034408101824863 16 86
-0.07523696002326502 16 87
-0.09211806985717123 16 88
-0.09595539621104557 16 89
-0.08792579311892706 16 90
-0.07864090961726851 16 91
-0.0723743016557235 16 92
-0.06574533930104703 16 93
-0.06610996064289411 16 94
-0.07298346485789589 16 95
-0.08024536803595558 16 96
-0.08767117900635192 16 97
-0.0911258226466545 16 98
-0.08616240956872746 16 99
-0.07441354585492786 16 100
-0.058898054976746765 16 101
-0.04318342909531813 16 102
-0.026447046172275186 16 103
-0.008161598267757688 16 104
0.007576699320007416 16 105
0.017432828742136478 16 106
0.030448735668515 16 107
0.06287809601493462 16 108
0.10104646649063727 16 109
0.13133151334547194 16 110
0.16207968973212988 16 111
0.18847525930860892 16 112
0.20079502357460183 16 113
0.2067192263264668 16 114
0.21363015625504278 16 115
0.22055350850023756 17 0
0.21558144720676373 17 1
0.19814282609780748 17 2
0.1800679589886409 17 3
0.16131242508108679 17 4
0.13732434070282992 17 5
0.1071242911482352 17 6
0.07596036373256392 17 7
0.0443176865326955 17 8
0.010878971121594447 17 9
-0.023894262567177717 17 10
-0.05557501955708008 17 11
-0.09821910240400215 17 12
-0.139924928520384 17 13
-0.17156860404995114 17 14
-0.1890071830758104 17 15
-0.20243362670958526 17 16
-0.214405070224867 17 17
-0.21640109215789602 17 18
-0.21103782929017922 17 19
-0.21356489490390718 17 20
-0.2175919712044896 17 21
-0.21225820866266634 17 22
-0.20611887071403695 17 23
-0.19754729367392593 17 24
-0.185352812623719 17 25
-0.17226221254320698 17 26
-0.163692965694683 17 27
-0.16341237903241188 17 28
-0.1748486479745057 17 29
-0.1874214018935404 17 30
-0.1914390493810521 17 31
-0.19748660817354907 17 32
-0.20375162918047246 17 33
-0.184709670814003 17 34
-0.14969840280205976 17 35
-0.12420857239334725 17 36
-0.12105946831448937 17 37
-0.1142658616205533 17 38
-0.08235743732316737 17 39
-0.03918921965349633 17 40
-0.012134751488281918 17 41
-3.5495794525857986e-05 17 42
0.012778386741509122 17 43
0.03428473346357337 17 44
0.06512717207710804 17 45
0.09648447278933633 17 46
0.13447720204274083 17 47
0.18412087368055882 17 48
0.24331654875237807 17 49
0.2988078885805208 17 50
0.3415303135055153 17 51
0.3746135843164012 17 52
0.39983596586205183 17 53
0.4182993959869705 17 54
0.4262231041833965 17 55
0.4253038262629994 17 56
0.41556215145289926 17 57
0.3985456316408248 17 58
0.38069806523515376 17 59
0.36769542828037666 17 60
0.36015055415016384 17 61
0.355955402792483 17 62
0.3487961222218488 17 63
0.33982787463098074 17 64
0.3263898288956285 17 65
0.30395770673109807 17 66
0.2765205381197659 17 67
0.24892653286247265 17 68
0.2211652587730764 17 69
0.19186616837425938 17 70
0.16075140151094833 17 71
0.13177874969546122 17 72
0.10761530584842284 17 73
0.08977022435476242 17 74
0.07775855354564604 17 75
0.06969280590711074 17 76
0.060524536323872204 17 77
0.04726086875406926 17 78
0.03381610311239898 17 79
0.021357240816006637 17 80
0.009497364401645366 17 81
-0.0028805142622967185 17 82
-0.015769529804876073 17 83
-0.030652054931666683 17 84
-0.04789468492271167 17 85
-0.06740684832303188 17 86
-0.08498015667833846 17 87
-0.09174826375878116 17 88
-0.08559932477505847 17 89
-0.07347848176859512 17 90
-0.06403384630259008 17 91
-0.05679857859538079 17 92
-0.050035297718666404 17 93
-0.050833944667903815 17 94
-0.05540988970637526 17 95
-0.062047681462408154 17 96
-0.06979110887596932 17 97
-0.07249336029729417 17 98
-0.06513688511029514 17 99
-0.05271349122053199 17 100
-0.039755062435981654 17 101
-0.029578748722436408 17 102
-0.018559799984594512 17 103
-0.006897799112610609 17 104
0.0019680741382547087 17 105
0.011864528872688232 17 106
0.03745054842039267 17 107
0.0790949726024191 17 108
0.11427020288863551 17 109
0.13880734305696443 17 110
0.1617838662519013 17 111
0.17796837238646065 17 112
0.18529725269989522 17 113
0.19131859685436672 17 114
0.20313795781317573 17 115
0.23859406714840162 18 0
0.23469614747994322 18 1
0.2162392647041948 18 2
0.19600624604748543 18 3
0.17503899038239062 18 4
0.14851476642825678 18 5
0.11487726771489734 18 6
0.08112832869269032 18 7
0.04694007204110492 18 8
0.009899553194416964 18 9
-0.027714832476491813 18 10
-0.06149451967907631 18 11
-0.1022084708491752 18 12
-0.14019345312318277 18 13
-0.1684627987164422 18 14
-0.18567045702892487 18 15
-0.20004122471698477 18 16
-0.21443877261728084 18 17
-0.22232237703780391 18 18
-0.22216630107912727 18 19
-0.22625669750738311 18 20
-0.22858876168603792 18 21
-0.21941845231810747 18 22
-0.20835778825849424 18 23
-0.19427373310203017 18 24
-0.17918080101154069 18 25
-0.16826150870146794 18 26
-0.16418570094884624 18 27
-0.16642007878488546 18 28
-0.17548989593009418 18 29
-0.1831859586932012 18 30
-0.1859724496061721 18 31
-0.1977006325780793 18 32
-0.20416030662503032 18 33
-0.1813781464409638 18 34
-0.14583526859268933 18 35
-0.11984173444084174 18 36
-0.11647688527523221 18 37
-0.11171295907920659 18 38
-0.08306346429461518 18 39
-0.05055889130837377 18 40
-0.02918209473124149 18 41
-0.013190652885478864 18 42
0.0023243738919636377 18 43
0.023811190351982457 18 44
0.056337355782098995 18 45
0.09086052558966824 18 46
0.13522527221235034 18 47
0.19564788405898478 18 48
0.2618674442505444 18 49
0.31855032617780643 18 50
0.35818902621976595 18 51
0.3860372872522932 18 52
